 <pre>

 Contingency table for Low clouds (octas)
 Selection: ALL    144 stations
Period: 20180601-20180614
Used {00,12} + 01 02 ... 24
 Limits    1.00000000       2.00000000       3.00000000       4.00000000       5.00000000       6.00000000       7.00000000    
 Each class is data <= limit, the very last > last limit
 Total number of values       74066
                                              OBSERVATION
                                   8351     1263     1046      808      747      718     1618     1693 |     16244
                                   1231      343      298      244      251      234      571      538 |      3710
                                    957      267      269      201      209      178      459      477 |      3017
                      RFRMIN25      764      263      285      230      195      191      526      510 |      2964
                                    721      281      239      235      226      217      547      536 |      3002
                                    742      270      302      240      274      270      728      662 |      3488
                                   1033      434      447      376      361      380     1180     1177 |      5388
                                   3290     2212     2141     1927     2177     2568     8625    13313 |     36253

                    SUM           17089     5333     5027     4261     4440     4756    14254    18906 |     74066
                                              OBSERVATION
                                  12034     2344     2053     1587     1580     1524     3512     3575 |     28209
                                    504      205      227      167      179      134      518      417 |      2351
                                    287      150      136      140      118      126      333      294 |      1584
                       RFRMIN1      236       97      130      114       97      112      312      260 |      1358
                                    224      133      123      100       92       87      278      247 |      1284
                                    285      136      119      133      108      129      386      364 |      1660
                                    488      250      253      193      224      200      681      696 |      2985
                                   3031     2018     1986     1827     2042     2444     8234    13053 |     34635

                    SUM           17089     5333     5027     4261     4440     4756    14254    18906 |     74066
                                              OBSERVATION
                                  11878     2279     1962     1501     1464     1454     3448     3447 |     27433
                                    454      198      199      163      164      159      418      414 |      2169
                                    325      155      156      140      139      112      318      319 |      1664
                   RFRMIN1_TAU      262      134      133      109      117      118      289      250 |      1412
                                    260      131      126      129      125      120      319      269 |      1479
                                    317      156      161      122      146      138      443      393 |      1876
                                    534      249      275      273      228      255      753      711 |      3278
                                   3059     2031     2015     1824     2057     2400     8266    13103 |     34755

                    SUM           17089     5333     5027     4261     4440     4756    14254    18906 |     74066

