 <pre>

 Contingency table for Rh2m (%)
 Selection: ALL    160 stations
Period: 20180601-20180614
Used {12} + 01 02 ... 24
 Limits    30.0000000       50.0000000       65.0000000       75.0000000       85.0000000       95.0000000       100.000000    
 Each class is data <= limit, the very last > last limit
 Total number of values       51986
                                              OBSERVATION
                                      0        0        0        0        0        0        0        0 |         0
                                      2      330      178       23        5        0        0        0 |       538
                                      0      698     3208     1513      357       35        1        0 |      5812
                      RFRMIN25        0       93     2176     4436     3005      620       52        0 |     10382
                                      0       15      557     2472     6101     4158      502        0 |     13805
                                      0        2       79      524     2998     8297     3142        0 |     15042
                                      0        1        8       43      276     2053     3638        0 |      6019
                                      0        0        0        0        0       34      354        0 |       388

                    SUM               2     1139     6206     9011    12742    15197     7689        0 |     51986
                                              OBSERVATION
                                      0        0        0        0        0        0        0        0 |         0
                                      2      325      192       27        4        0        0        0 |       550
                                      0      708     3190     1522      357       47        0        0 |      5824
                       RFRMIN1        0       89     2216     4329     2879      622       48        0 |     10183
                                      0       12      523     2539     6091     3928      438        0 |     13531
                                      0        4       79      565     3118     8361     3129        0 |     15256
                                      0        1        6       29      292     2202     3692        0 |      6222
                                      0        0        0        0        1       37      382        0 |       420

                    SUM               2     1139     6206     9011    12742    15197     7689        0 |     51986
                                              OBSERVATION
                                      0        0        0        0        0        0        0        0 |         0
                                      2      311      184       22        9        0        0        0 |       528
                                      0      717     3158     1499      352       42        0        0 |      5768
                   RFRMIN1_TAU        0       92     2244     4424     2930      623       51        0 |     10364
                                      0       15      512     2460     6003     3938      445        0 |     13373
                                      0        4       98      566     3124     8355     3146        0 |     15293
                                      0        0       10       40      321     2197     3657        0 |      6225
                                      0        0        0        0        3       42      390        0 |       435

                    SUM               2     1139     6206     9011    12742    15197     7689        0 |     51986

