 <pre>

 Contingency table for Low clouds (octas)
 Selection: Ireland     27 stations
Period: 20180601-20180614
Used {00,12} + 01 02 ... 24
 Limits    1.00000000       2.00000000       3.00000000       4.00000000       5.00000000       6.00000000       7.00000000    
 Each class is data <= limit, the very last > last limit
 Total number of values       14899
                                              OBSERVATION
                                   1284      102      141       87       91       68      233      132 |      2138
                                    279       51       52       50       47       45      114       75 |       713
                                    203       36       42       38       56       33      115       90 |       613
                      RFRMIN25      162       40       57       42       43       19      125       96 |       584
                                    153       45       45       39       60       52      161       88 |       643
                                    176       51       55       43       59       58      217      124 |       783
                                    251       72       96       66       97       72      343      262 |      1259
                                    794      356      490      379      504      509     2798     2336 |      8166

                    SUM            3302      753      978      744      957      856     4106     3203 |     14899
                                              OBSERVATION
                                   2130      293      354      238      318      234      765      536 |      4868
                                    125       34       47       31       44       19      155       95 |       550
                                     65       18       32       29       19       23       89       49 |       324
                       RFRMIN1       44       12       29       15       30       21       72       53 |       276
                                     36       17       27       20       23       17       69       36 |       245
                                     63       12       28       28       27       17      121       83 |       379
                                    134       40       51       34       43       44      205      132 |       683
                                    705      327      410      349      453      481     2630     2219 |      7574

                    SUM            3302      753      978      744      957      856     4106     3203 |     14899
                                              OBSERVATION
                                   2103      283      322      216      266      212      732      478 |      4612
                                    100       35       32       36       36       30      120       88 |       477
                                     67       23       30       24       30       15       78       50 |       317
                   RFRMIN1_TAU       53       14       26       17       22       22       77       45 |       276
                                     48       11       27       17       30       19       77       63 |       292
                                     71       26       36       23       46       22      123       71 |       418
                                    142       35       56       52       56       52      262      132 |       787
                                    718      326      449      359      471      484     2637     2276 |      7720

                    SUM            3302      753      978      744      957      856     4106     3203 |     14899

