 <pre>

 Contingency table for Cloud base (m)
 Selection: ALL    144 stations
Period: 20180601-20180614
Used {12} + 03 06 09 12 15 18 21 24
 Limits    70.0000000       150.000000       300.000000       600.000000       1000.00000       1500.00000       2500.00000       5000.00000    
 Each class is data <= limit, the very last > last limit
 Total number of values       11640
                                                       OBSERVATION
                                    174       87       34       24        7        7       22       29        2 |       386
                                    106      111       55       27        8       23        6        5        2 |       343
                                     82      179      274      136       35       32       23       20        1 |       782
                                     70      136      429      817      227      118       53       22        4 |      1876
                      RFRMIN25       73       74      137      572      695      396      142       65       25 |      2179
                                     29       54       60      162      374      694      152       79       33 |      1637
                                     23       26       35       93       82      211      159       46       15 |       690
                                     20       22       24       66       54       62      121      174       19 |       562
                                    114      119      218      506      501      635      304      414      374 |      3185

                    SUM             691      808     1266     2403     1983     2178      982      854      475 |     11640
                                                       OBSERVATION
                                    200       92       32       26       13       11       21       37        2 |       434
                                     97      123       70       36       11       18       15       11        2 |       383
                                     93      168      272      130       28       23       20        8        6 |       748
                                     58      135      408      680      160       83       29       25        4 |      1582
                       RFRMIN1       36       69      117      506      523      286       90       37       13 |      1677
                                     38       38       49      184      383      579      121       63       16 |      1471
                                     11       30       34       95      101      223      143       47       13 |       697
                                     15       21       16       61       56       68      101      109        7 |       454
                                    143      132      268      685      708      887      442      517      412 |      4194

                    SUM             691      808     1266     2403     1983     2178      982      854      475 |     11640
                                                       OBSERVATION
                                    195       92       33       26       13       12       25       39        5 |       440
                                    113      127       65       38        9       18       11       13        2 |       396
                                     81      159      273      117       29       30       18        8        5 |       720
                                     63      136      402      684      166       91       36       18        6 |      1602
                   RFRMIN1_TAU       38       66      117      546      526      270       84       37       13 |      1697
                                     31       34       53      186      414      593      127       58       22 |      1518
                                     17       30       37       99       98      214      154       42       10 |       701
                                     11       17       18       61       49       57       87      105        8 |       413
                                    142      147      268      646      679      893      440      534      404 |      4153

                    SUM             691      808     1266     2403     1983     2178      982      854      475 |     11640

