 <pre>

 Contingency table for Low clouds (octas)
 Selection: ALL    144 stations
Period: 20180601-20180614
Used {00} + 01 02 ... 24
 Limits    1.00000000       2.00000000       3.00000000       4.00000000       5.00000000       6.00000000       7.00000000    
 Each class is data <= limit, the very last > last limit
 Total number of values       36981
                                              OBSERVATION
                                   4063      624      493      402      351      347      793      826 |      7899
                                    613      164      143      102      128      102      267      266 |      1785
                                    482      133      160       91      109       90      246      251 |      1562
                      RFRMIN25      393      131      151      104       98      110      270      253 |      1510
                                    352      132      127      124      129      101      269      262 |      1496
                                    373      139      154      129      131      130      343      341 |      1740
                                    557      203      230      199      189      192      591      587 |      2748
                                   1692     1098     1010      946     1052     1287     4320     6836 |     18241

                    SUM            8525     2624     2468     2097     2187     2359     7099     9622 |     36981
                                              OBSERVATION
                                   5900     1139      988      778      775      753     1709     1765 |     13807
                                    274      101      111       83       94       70      265      237 |      1235
                                    153       69       71       63       59       60      165      145 |       785
                       RFRMIN1      127       53       65       58       44       50      146      136 |       679
                                    113       58       68       54       40       47      136      131 |       647
                                    151       70       69       64       55       61      185      176 |       831
                                    251      126      112       95      120       92      331      356 |      1483
                                   1556     1008      984      902     1000     1226     4162     6676 |     17514

                    SUM            8525     2624     2468     2097     2187     2359     7099     9622 |     36981
                                              OBSERVATION
                                   5824     1119      953      714      722      702     1675     1707 |     13416
                                    231      102      102       71       87       79      215      196 |      1083
                                    173       71       68       69       68       56      153      160 |       818
                   RFRMIN1_TAU      125       71       64       59       51       57      133      138 |       698
                                    131       59       63       66       60       63      155      133 |       730
                                    164       77       85       60       68       68      201      214 |       937
                                    272      127      138      138      121      125      386      378 |      1685
                                   1605      998      995      920     1010     1209     4181     6696 |     17614

                    SUM            8525     2624     2468     2097     2187     2359     7099     9622 |     36981

