 <pre>

 Contingency table for Rh2m (%)
 Selection: ALL    160 stations
Period: 20180601-20180614
Used {00} + 01 02 ... 24
 Limits    30.0000000       50.0000000       65.0000000       75.0000000       85.0000000       95.0000000       100.000000    
 Each class is data <= limit, the very last > last limit
 Total number of values       51978
                                              OBSERVATION
                                      0        0        0        0        0        0        0        0 |         0
                                      2      285      209       27        3        0        0        0 |       526
                                      0      685     2891     1511      403       45        3        0 |      5538
                      RFRMIN25        0      107     2263     4172     2826      643       29        0 |     10040
                                      0       15      538     2523     5931     4020      477        0 |     13504
                                      0        0       88      541     2921     8173     3383        0 |     15106
                                      0        0        7       38      313     2197     4297        0 |      6852
                                      0        0        0        1        2       36      373        0 |       412

                    SUM               2     1092     5996     8813    12399    15114     8562        0 |     51978
                                              OBSERVATION
                                      0        0        0        0        0        0        0        0 |         0
                                      2      265      183       24        1        1        0        0 |       476
                                      0      721     2930     1510      377       41        2        0 |      5581
                       RFRMIN1        0       93     2226     4187     2804      615       31        0 |      9956
                                      0       11      543     2481     5920     3859      471        0 |     13285
                                      0        2      105      550     2964     8275     3427        0 |     15323
                                      0        0        9       61      332     2274     4224        0 |      6900
                                      0        0        0        0        1       49      407        0 |       457

                    SUM               2     1092     5996     8813    12399    15114     8562        0 |     51978
                                              OBSERVATION
                                      0        0        0        0        0        0        0        0 |         0
                                      2      262      183       25        7        0        0        0 |       479
                                      0      714     2935     1481      352       45        1        0 |      5528
                   RFRMIN1_TAU        0      102     2193     4211     2825      610       38        0 |      9979
                                      0       14      574     2475     5859     3848      447        0 |     13217
                                      0        0       96      580     3055     8292     3406        0 |     15429
                                      0        0       15       40      298     2289     4241        0 |      6883
                                      0        0        0        1        3       30      429        0 |       463

                    SUM               2     1092     5996     8813    12399    15114     8562        0 |     51978

