 <pre>

 Contingency table for Low clouds (octas)
 Selection: ALL    144 stations
Period: 20180601-20180614
Used {12} + 01 02 ... 24
 Limits    1.00000000       2.00000000       3.00000000       4.00000000       5.00000000       6.00000000       7.00000000    
 Each class is data <= limit, the very last > last limit
 Total number of values       37085
                                              OBSERVATION
                                   4288      639      553      406      396      371      825      867 |      8345
                                    618      179      155      142      123      132      304      272 |      1925
                                    475      134      109      110      100       88      213      226 |      1455
                      RFRMIN25      371      132      134      126       97       81      256      257 |      1454
                                    369      149      112      111       97      116      278      274 |      1506
                                    369      131      148      111      143      140      385      321 |      1748
                                    476      231      217      177      172      188      589      590 |      2640
                                   1598     1114     1131      981     1125     1281     4305     6477 |     18012

                    SUM            8564     2709     2559     2164     2253     2397     7155     9284 |     37085
                                              OBSERVATION
                                   6134     1205     1065      809      805      771     1803     1810 |     14402
                                    230      104      116       84       85       64      253      180 |      1116
                                    134       81       65       77       59       66      168      149 |       799
                       RFRMIN1      109       44       65       56       53       62      166      124 |       679
                                    111       75       55       46       52       40      142      116 |       637
                                    134       66       50       69       53       68      201      188 |       829
                                    237      124      141       98      104      108      350      340 |      1502
                                   1475     1010     1002      925     1042     1218     4072     6377 |     17121

                    SUM            8564     2709     2559     2164     2253     2397     7155     9284 |     37085
                                              OBSERVATION
                                   6054     1160     1009      787      742      752     1773     1740 |     14017
                                    223       96       97       92       77       80      203      218 |      1086
                                    152       84       88       71       71       56      165      159 |       846
                   RFRMIN1_TAU      137       63       69       50       66       61      156      112 |       714
                                    129       72       63       63       65       57      164      136 |       749
                                    153       79       76       62       78       70      242      179 |       939
                                    262      122      137      135      107      130      367      333 |      1593
                                   1454     1033     1020      904     1047     1191     4085     6407 |     17141

                    SUM            8564     2709     2559     2164     2253     2397     7155     9284 |     37085

