 <pre>

 Contingency table for Cloud base (m)
 Selection: ALL    144 stations
Period: 20180601-20180614
Used {00} + 03 06 09 12 15 18 21 24
 Limits    70.0000000       150.000000       300.000000       600.000000       1000.00000       1500.00000       2500.00000       5000.00000    
 Each class is data <= limit, the very last > last limit
 Total number of values       11669
                                                       OBSERVATION
                                    248       94       26       25        6       10       17       26        2 |       454
                                    127      117       66       35       12       14       15       10        2 |       398
                                     99      196      310      144       31       31       15        6        3 |       835
                                     86      162      443      771      223      124       58       35        7 |      1909
                      RFRMIN25       72       78      149      581      691      411      118       88       23 |      2211
                                     56       43       60      167      343      630      164       87       32 |      1582
                                     33       39       36      101       80      185      191       57       14 |       736
                                     14       22       39       72       69       60      109      185       18 |       588
                                    127      106      184      474      459      584      307      368      347 |      2956

                    SUM             862      857     1313     2370     1914     2049      994      862      448 |     11669
                                                       OBSERVATION
                                    262       93       30       29        6       18       26       27        4 |       495
                                    125      122       67       32        7       19        8       11        3 |       394
                                    102      190      285      135       27       25       13       12        4 |       793
                                     84      145      431      668      154       84       50       31        4 |      1651
                       RFRMIN1       54       75      128      511      502      252       80       44       13 |      1659
                                     35       30       61      186      397      545      111       68       21 |      1454
                                     26       36       37      106       92      231      162       42       13 |       745
                                     12       23       26       48       44       61       91      113        7 |       425
                                    162      143      248      655      685      814      453      514      379 |      4053

                    SUM             862      857     1313     2370     1914     2049      994      862      448 |     11669
                                                       OBSERVATION
                                    269      101       25       25        9       19       25       26        5 |       504
                                    121      120       64       34       11       16       11       17        3 |       397
                                    106      201      307      145       20       41       18       16        1 |       855
                                     86      141      412      653      155       86       42       19        7 |      1601
                   RFRMIN1_TAU       44       72      130      511      540      265       83       55        9 |      1709
                                     42       26       62      200      394      601      121       54       26 |      1526
                                     31       39       40      104       97      208      149       36       14 |       718
                                     11       19       20       64       54       59       89      110        8 |       434
                                    152      138      253      634      634      754      456      529      375 |      3925

                    SUM             862      857     1313     2370     1914     2049      994      862      448 |     11669

