 <pre>

 Contingency table for Rh2m (%)
 Selection: ALL    160 stations
Period: 20180601-20180614
Used {00,12} + 01 02 ... 24
 Limits    30.0000000       50.0000000       65.0000000       75.0000000       85.0000000       95.0000000       100.000000    
 Each class is data <= limit, the very last > last limit
 Total number of values      103964
                                              OBSERVATION
                                      0        0        0        0        0        0        0        0 |         0
                                      4      615      387       50        8        0        0        0 |      1064
                                      0     1383     6099     3024      760       80        4        0 |     11350
                      RFRMIN25        0      200     4439     8608     5831     1263       81        0 |     20422
                                      0       30     1095     4995    12032     8178      979        0 |     27309
                                      0        2      167     1065     5919    16470     6525        0 |     30148
                                      0        1       15       81      589     4250     7935        0 |     12871
                                      0        0        0        1        2       70      727        0 |       800

                    SUM               4     2231    12202    17824    25141    30311    16251        0 |    103964
                                              OBSERVATION
                                      0        0        0        0        0        0        0        0 |         0
                                      4      590      375       51        5        1        0        0 |      1026
                                      0     1429     6120     3032      734       88        2        0 |     11405
                       RFRMIN1        0      182     4442     8516     5683     1237       79        0 |     20139
                                      0       23     1066     5020    12011     7787      909        0 |     26816
                                      0        6      184     1115     6082    16636     6556        0 |     30579
                                      0        1       15       90      624     4476     7916        0 |     13122
                                      0        0        0        0        2       86      789        0 |       877

                    SUM               4     2231    12202    17824    25141    30311    16251        0 |    103964
                                              OBSERVATION
                                      0        0        0        0        0        0        0        0 |         0
                                      4      573      367       47       16        0        0        0 |      1007
                                      0     1431     6093     2980      704       87        1        0 |     11296
                   RFRMIN1_TAU        0      194     4437     8635     5755     1233       89        0 |     20343
                                      0       29     1086     4935    11862     7786      892        0 |     26590
                                      0        4      194     1146     6179    16647     6552        0 |     30722
                                      0        0       25       80      619     4486     7898        0 |     13108
                                      0        0        0        1        6       72      819        0 |       898

                    SUM               4     2231    12202    17824    25141    30311    16251        0 |    103964

