 <pre>

 Contingency table for Cloud cover (octas)
 Selection: ALL     44 stations
Period: 20180601-20180614
Used {00,12} + 01 02 ... 24
 Limits   0.500000000       1.50000000       2.50000000       3.50000000       4.50000000       5.50000000       6.50000000       7.50000000    
 Each class is data <= limit, the very last > last limit
 Total number of values       14586
                                                       OBSERVATION
                                     49      581      260      171       93       86       72       74       31 |      1417
                                     18      191      123      103       68       68       94      104       43 |       812
                                      8      107       79       68       51       47       72       76       34 |       542
                                      4       87       60       50       53       56       44       82       24 |       460
                      RFRMIN25        7       72       63       64       44       61       65      111       49 |       536
                                     10       67       44       74       56       63       67      114       64 |       559
                                      6       69       58       60       53       69      107      172      104 |       698
                                      4       90       69       84       90      116      180      343      177 |      1153
                                     12      184      135      217      246      379      684     2753     3799 |      8409

                    SUM             118     1448      891      891      754      945     1385     3829     4325 |     14586
                                                       OBSERVATION
                                     77      912      429      317      216      229      270      295      121 |      2866
                                      6       95       65       96       74       69       83      153       78 |       719
                                      4       48       57       54       48       45       69      108       59 |       492
                                      0       43       41       35       31       36       54      101       44 |       385
                       RFRMIN1        4       40       37       41       27       44       54       90       39 |       376
                                      6       44       29       26       38       42       55      104       63 |       407
                                      7       43       40       50       42       39       70      148       86 |       525
                                      1       53       58       81       65       97      121      259      154 |       889
                                     13      170      135      191      213      344      609     2571     3681 |      7927

                    SUM             118     1448      891      891      754      945     1385     3829     4325 |     14586
                                                       OBSERVATION
                                     75      906      422      311      192      198      234      282      133 |      2753
                                      7      101       77       89       74       76       93      150       59 |       726
                                      2       63       53       47       38       58       52      102       50 |       465
                                      6       38       42       48       36       37       62       88       49 |       406
                   RFRMIN1_TAU        4       36       36       27       31       33       53      103       51 |       374
                                      3       25       31       34       32       45       67       96       55 |       388
                                      7       43       51       58       54       59       69      143       77 |       561
                                      3       72       52       80       76       93      108      247      140 |       871
                                     11      164      127      197      221      346      647     2618     3711 |      8042

                    SUM             118     1448      891      891      754      945     1385     3829     4325 |     14586

