 <pre>

 Contingency table for Cloud base (m)
 Selection: ALL    144 stations
Period: 20180601-20180614
Used {00,12} + 03 06 09 12 15 18 21 24
 Limits    70.0000000       150.000000       300.000000       600.000000       1000.00000       1500.00000       2500.00000       5000.00000    
 Each class is data <= limit, the very last > last limit
 Total number of values       23309
                                                       OBSERVATION
                                    422      181       60       49       13       17       39       55        4 |       840
                                    233      228      121       62       20       37       21       15        4 |       741
                                    181      375      584      280       66       63       38       26        4 |      1617
                                    156      298      872     1588      450      242      111       57       11 |      3785
                      RFRMIN25      145      152      286     1153     1386      807      260      153       48 |      4390
                                     85       97      120      329      717     1324      316      166       65 |      3219
                                     56       65       71      194      162      396      350      103       29 |      1426
                                     34       44       63      138      123      122      230      359       37 |      1150
                                    241      225      402      980      960     1219      611      782      721 |      6141

                    SUM            1553     1665     2579     4773     3897     4227     1976     1716      923 |     23309
                                                       OBSERVATION
                                    462      185       62       55       19       29       47       64        6 |       929
                                    222      245      137       68       18       37       23       22        5 |       777
                                    195      358      557      265       55       48       33       20       10 |      1541
                                    142      280      839     1348      314      167       79       56        8 |      3233
                       RFRMIN1       90      144      245     1017     1025      538      170       81       26 |      3336
                                     73       68      110      370      780     1124      232      131       37 |      2925
                                     37       66       71      201      193      454      305       89       26 |      1442
                                     27       44       42      109      100      129      192      222       14 |       879
                                    305      275      516     1340     1393     1701      895     1031      791 |      8247

                    SUM            1553     1665     2579     4773     3897     4227     1976     1716      923 |     23309
                                                       OBSERVATION
                                    464      193       58       51       22       31       50       65       10 |       944
                                    234      247      129       72       20       34       22       30        5 |       793
                                    187      360      580      262       49       71       36       24        6 |      1575
                                    149      277      814     1337      321      177       78       37       13 |      3203
                   RFRMIN1_TAU       82      138      247     1057     1066      535      167       92       22 |      3406
                                     73       60      115      386      808     1194      248      112       48 |      3044
                                     48       69       77      203      195      422      303       78       24 |      1419
                                     22       36       38      125      103      116      176      215       16 |       847
                                    294      285      521     1280     1313     1647      896     1063      779 |      8078

                    SUM            1553     1665     2579     4773     3897     4227     1976     1716      923 |     23309

