 <pre>

 Contingency table for Rh2m (%)
 Selection: Ireland     28 stations
Period: 20180601-20180614
Used {00,12} + 01 02 ... 24
 Limits    30.0000000       50.0000000       65.0000000       75.0000000       85.0000000       95.0000000       100.000000    
 Each class is data <= limit, the very last > last limit
 Total number of values       18790
                                              OBSERVATION
                                      0        0        0        0        0        0        0        0 |         0
                                      0       23       55        8        0        0        0        0 |        86
                                      0      138      789      604      151       11        2        0 |      1695
                      RFRMIN25        0       26      768     1510      983      207       15        0 |      3509
                                      0        2      198     1078     2321     1416      181        0 |      5196
                                      0        2       37      283     1292     3099     1106        0 |      5819
                                      0        1        9       32      135      814     1345        0 |      2336
                                      0        0        0        0        0       19      130        0 |       149

                    SUM               0      192     1856     3515     4882     5566     2779        0 |     18790
                                              OBSERVATION
                                      0        0        0        0        0        0        0        0 |         0
                                      0       25       49        4        0        0        0        0 |        78
                                      0      133      814      551      110       11        0        0 |      1619
                       RFRMIN1        0       28      766     1557     1012      204       13        0 |      3580
                                      0        3      168     1078     2336     1374      155        0 |      5114
                                      0        2       52      279     1269     3017     1050        0 |      5669
                                      0        1        7       46      155      938     1429        0 |      2576
                                      0        0        0        0        0       22      132        0 |       154

                    SUM               0      192     1856     3515     4882     5566     2779        0 |     18790
                                              OBSERVATION
                                      0        0        0        0        0        0        0        0 |         0
                                      0       24       53        3        2        0        0        0 |        82
                                      0      121      816      561      120       15        0        0 |      1633
                   RFRMIN1_TAU        0       41      752     1572     1032      203       16        0 |      3616
                                      0        5      179     1049     2257     1341      155        0 |      4986
                                      0        1       49      298     1318     3072     1066        0 |      5804
                                      0        0        7       32      153      918     1370        0 |      2480
                                      0        0        0        0        0       17      172        0 |       189

                    SUM               0      192     1856     3515     4882     5566     2779        0 |     18790

